0 18
0 41
1 174
1 15
2 122
3 68
3 243
4 12
4 13
4 136
5 62
5 177
6 99
7 209
7 66
7 55
8 205
8 177
9 213
9 17
10 94
11 249
12 252
12 115
12 188
13 255
13 121
14 167
15 120
15 122
15 118
15 76
16 211
16 77
16 55
16 222
17 97
17 20
17 43
19 144
21 178
21 72
22 109
22 235
23 108
24 111
25 162
26 27
27 69
27 173
28 202
28 35
28 203
29 50
30 122
31 47
31 162
32 117
32 151
32 94
33 197
33 206
33 200
33 170
34 194
36 58
37 110
37 95
38 241
38 213
39 201
39 123
39 202
39 192
40 99
41 105
41 53
42 114
42 122
42 127
44 163
45 132
46 59
46 219
46 176
46 224
46 244
47 95
47 50
47 228
48 141
49 157
51 108
51 157
52 170
52 254
53 194
54 85
54 81
54 88
56 243
57 204
57 172
57 97
57 223
58 194
59 119
60 149
60 191
61 249
63 119
64 193
65 207
65 81
65 138
67 254
68 242
69 156
70 158
70 117
70 210
71 98
71 110
72 212
72 150
73 179
73 74
73 148
74 128
75 133
75 155
78 234
79 124
80 166
80 250
80 112
80 214
81 198
81 112
82 176
83 156
84 141
86 205
87 195
89 177
90 206
91 198
92 232
93 184
93 141
93 113
94 160
95 104
96 180
97 196
97 212
98 245
99 254
100 152
100 253
101 162
101 187
102 166
103 216
103 166
105 183
106 175
106 198
107 209
107 129
108 125
109 236
111 141
114 179
114 163
115 205
116 228
116 224
118 253
119 252
119 238
119 220
120 180
122 233
123 144
123 168
123 135
123 137
123 131
124 178
125 217
126 153
126 136
128 250
128 189
130 215
130 212
132 254
133 196
134 169
134 251
135 231
139 185
140 223
141 178
142 178
142 190
142 237
143 159
143 253
145 221
146 167
146 240
146 217
147 230
150 229
151 162
151 201
152 248
154 242
154 218
156 224
160 164
161 254
161 230
165 185
165 213
166 199
167 249
169 226
170 237
171 174
172 195
173 246
176 235
179 217
179 186
179 194
181 248
182 206
184 239
188 209
191 243
193 206
205 226
205 212
208 215
210 247
213 221
215 217
225 229
225 232
227 238
234 238
240 243
