0 81
0 15
1 200
2 112
3 8
4 149
4 101
4 196
5 92
5 78
5 170
6 133
6 242
6 87
7 112
7 86
8 49
8 187
9 96
10 105
10 128
10 96
10 177
11 190
11 255
11 94
12 39
13 199
13 221
14 32
14 87
15 181
15 116
15 233
16 216
16 64
16 235
17 58
18 217
18 46
19 147
20 58
20 180
21 69
21 231
21 171
22 72
22 47
22 28
23 49
23 39
23 38
24 206
25 118
26 146
26 152
27 78
27 42
28 202
29 137
29 72
30 241
31 135
32 214
32 192
33 139
33 103
34 178
34 140
35 100
35 165
36 173
37 218
38 182
40 193
40 134
41 196
42 161
42 158
42 195
42 79
43 213
43 99
44 124
44 120
45 94
47 60
47 179
48 164
48 191
49 132
49 140
49 123
50 223
51 203
51 167
52 170
53 228
54 232
55 224
56 226
56 183
57 89
57 58
58 87
58 119
59 239
59 143
60 110
61 80
61 129
61 102
62 142
63 106
63 249
63 75
64 201
65 76
65 248
66 117
67 72
67 255
68 231
70 93
70 103
71 250
71 75
71 243
71 218
72 154
72 112
73 117
73 135
74 113
75 88
76 125
77 218
78 236
78 237
81 176
81 254
82 216
82 205
83 252
83 92
84 118
85 153
88 186
89 164
89 232
90 153
91 171
91 253
93 138
95 146
95 185
95 115
97 143
98 159
98 120
100 235
101 229
103 162
103 178
104 144
105 180
105 126
105 150
106 136
107 146
108 222
108 119
108 238
109 244
110 185
110 173
110 148
111 136
113 163
113 159
114 131
118 230
118 197
119 159
119 211
120 154
120 208
120 141
121 195
122 135
122 243
125 240
125 149
127 183
128 130
128 247
129 215
129 170
129 169
131 223
131 185
132 224
132 147
132 225
137 176
138 155
140 184
142 205
143 212
143 240
143 219
144 207
144 175
144 162
145 205
146 244
147 245
149 242
151 251
153 174
155 199
156 244
157 223
160 217
160 249
162 209
166 255
168 185
168 227
170 224
172 181
174 239
178 198
180 243
183 223
184 203
186 241
188 242
189 200
189 199
193 202
194 211
194 197
198 246
200 228
204 218
205 246
206 223
210 254
213 237
220 236
224 251
234 246
246 254
253 254
