0 193
1 209
1 50
1 111
2 31
2 12
3 253
3 242
4 60
4 119
4 68
5 21
5 70
6 154
7 213
7 177
8 221
8 185
9 235
9 159
10 14
11 74
11 103
11 225
12 212
13 140
13 43
14 55
14 167
14 209
14 114
15 81
15 110
15 169
16 32
17 202
17 195
18 180
18 195
19 28
19 91
20 233
21 104
22 135
23 37
23 36
23 211
23 253
24 71
25 137
25 128
25 164
26 150
26 132
27 117
27 124
28 98
29 181
30 199
30 124
30 218
30 90
31 127
31 162
32 182
32 201
33 181
34 119
35 112
36 39
36 185
37 110
38 71
38 210
38 245
38 248
40 48
40 60
40 181
41 66
42 103
44 221
45 182
46 165
46 136
47 72
47 112
48 154
48 97
49 163
50 88
50 236
51 97
51 191
52 65
53 116
53 69
54 222
54 235
54 241
55 83
56 59
57 76
58 64
58 166
59 105
61 81
61 79
62 129
62 158
63 106
64 85
65 175
65 82
66 107
67 190
69 174
71 140
71 123
73 178
73 95
74 112
74 143
74 130
75 237
76 221
77 87
78 151
78 93
78 217
79 129
80 123
80 173
80 228
81 120
81 254
81 141
83 126
84 95
84 197
84 159
86 247
86 157
87 200
87 165
87 146
88 168
89 244
90 142
90 147
92 96
93 131
94 123
95 106
96 103
96 97
96 230
97 131
97 179
97 239
98 113
99 198
99 105
99 144
100 104
100 188
101 115
101 124
101 240
102 203
102 195
103 126
104 209
105 161
107 185
107 190
107 162
108 179
108 251
109 111
109 137
110 202
113 128
113 232
113 238
116 187
117 183
118 193
119 155
120 121
122 250
122 215
123 193
125 212
126 233
127 250
131 185
131 177
131 153
131 149
132 206
132 226
132 196
133 153
134 240
135 152
135 229
135 168
138 243
138 218
139 200
140 167
140 197
140 216
144 183
144 194
145 184
146 195
146 208
148 218
150 175
151 186
156 165
160 229
163 220
165 227
166 245
167 204
167 192
170 247
171 244
171 223
171 207
172 186
174 223
176 206
184 216
188 205
189 233
193 247
199 227
201 207
202 246
204 234
207 229
208 255
211 226
214 220
217 237
219 253
220 225
224 253
231 237
235 249
250 252
