0 190
0 198
1 184
1 251
2 116
2 253
3 17
4 105
5 151
6 223
6 83
6 74
6 136
7 200
7 203
8 45
9 138
9 54
10 41
10 185
10 169
11 133
12 167
12 117
12 33
13 73
14 228
15 236
16 221
16 208
16 82
16 157
17 146
18 81
18 52
19 208
20 48
20 210
20 178
21 110
22 212
22 112
23 170
24 119
25 56
25 114
26 72
26 159
26 88
27 185
28 184
28 205
29 172
30 225
30 94
30 69
30 99
31 78
32 142
32 159
34 124
35 172
36 74
37 134
38 196
38 145
39 43
40 44
41 181
42 101
42 237
43 106
43 194
44 177
44 243
45 235
45 219
46 225
47 147
47 165
47 148
48 244
48 120
48 84
48 164
49 77
50 223
51 191
51 240
52 91
53 110
54 209
54 177
55 200
56 82
57 89
58 228
58 226
58 168
58 137
59 105
59 98
59 77
60 193
60 248
61 241
62 138
63 87
64 107
64 66
65 132
65 227
66 129
67 175
67 180
67 111
68 134
68 232
69 227
70 187
70 229
71 229
71 179
72 104
72 86
73 230
73 127
75 213
76 188
77 235
77 148
78 132
78 123
78 171
79 173
80 219
82 218
82 176
82 244
82 160
83 190
84 153
84 155
85 132
86 240
87 191
88 199
89 222
90 206
91 231
91 196
91 131
92 110
93 232
93 152
94 140
95 104
96 192
96 108
97 100
97 200
101 182
101 117
101 109
102 232
103 188
103 145
104 237
104 188
106 238
106 240
107 223
108 146
108 217
110 115
110 217
112 175
113 223
114 119
115 164
116 118
118 185
121 242
122 139
122 156
124 154
124 204
125 235
126 169
127 189
127 252
128 212
130 242
132 253
132 189
133 222
133 254
133 234
134 204
134 224
135 146
138 151
140 149
140 215
141 189
143 158
143 241
144 156
144 153
146 183
149 172
150 205
151 236
154 210
154 214
157 177
158 178
161 206
162 193
163 212
166 188
166 229
167 233
169 245
170 196
171 255
173 202
173 207
174 201
174 200
175 219
176 188
179 186
184 220
184 194
189 197
191 201
193 216
194 212
195 215
204 228
205 213
205 206
206 227
206 249
207 218
208 239
211 222
212 254
217 246
223 240
225 248
233 247
238 242
244 250
