0 173
0 31
0 150
1 186
1 5
1 199
1 66
1 26
1 64
1 168
1 222
2 155
2 163
2 129
2 151
2 204
2 177
3 238
3 91
3 234
3 69
3 7
4 105
4 122
4 126
4 71
4 204
4 68
4 63
4 169
5 210
5 190
5 90
5 147
5 71
5 249
5 187
6 236
6 117
6 226
6 161
6 112
6 123
6 147
6 22
6 27
7 223
7 38
7 90
7 216
8 169
8 194
8 221
8 238
8 167
8 27
8 124
8 161
8 97
8 47
8 181
9 110
9 122
9 25
9 73
9 11
9 156
9 161
9 233
10 53
10 61
10 229
10 155
10 82
10 214
10 240
10 186
10 120
10 105
10 83
11 197
11 221
11 36
11 134
11 122
11 111
11 242
11 37
11 57
12 203
12 210
12 245
12 36
12 79
12 235
13 225
13 242
13 46
13 158
13 129
13 41
13 142
13 68
13 175
13 70
13 28
14 85
14 43
14 62
14 238
14 40
14 144
14 117
15 118
15 62
15 33
15 134
15 143
15 196
15 132
15 203
15 89
16 131
16 65
16 134
16 206
16 249
16 170
16 54
17 203
17 112
17 200
17 60
17 151
17 255
17 61
18 76
18 174
18 44
18 98
18 237
18 49
18 195
19 107
19 241
19 184
19 82
19 235
19 122
19 118
19 78
19 108
19 187
19 21
19 217
19 119
20 92
20 242
20 113
20 215
20 27
20 24
20 112
21 116
21 31
21 138
21 245
21 92
21 85
21 98
21 127
21 62
21 243
22 250
22 134
22 213
22 114
23 157
23 189
23 130
23 235
24 87
24 228
24 137
24 114
24 38
24 193
24 63
24 232
24 66
25 27
25 36
25 118
25 162
25 68
25 239
25 109
26 141
26 237
26 207
26 199
26 87
26 248
26 203
26 150
26 60
27 40
27 107
27 121
27 166
27 84
27 105
27 95
27 100
27 249
28 186
28 239
28 125
28 45
28 157
28 224
28 181
28 80
28 235
29 52
29 110
29 84
29 37
29 112
29 130
29 149
29 61
29 137
29 109
30 63
30 214
30 132
30 228
30 83
30 126
30 141
30 111
30 211
30 169
30 254
30 222
30 239
31 239
31 254
31 145
31 92
31 54
31 39
32 187
32 40
32 202
32 127
32 167
32 96
33 90
33 145
33 222
33 75
33 202
33 181
33 250
33 170
33 132
33 138
33 188
34 252
35 186
35 50
35 219
35 70
35 234
35 220
35 78
35 133
35 190
35 115
36 91
36 94
37 162
37 76
37 204
37 192
37 39
37 209
38 176
38 232
38 53
38 213
38 194
38 51
39 171
39 169
39 148
40 251
40 213
40 111
40 245
40 52
41 246
41 162
41 198
41 48
41 52
41 93
42 134
42 162
43 185
43 242
44 92
44 65
44 64
44 218
44 140
44 110
45 161
45 126
45 205
45 51
45 94
45 216
45 103
45 61
45 121
45 203
45 63
45 181
46 131
46 186
46 124
46 201
46 96
46 106
47 150
47 77
47 123
47 124
47 112
47 162
47 183
47 209
48 52
48 226
48 66
48 123
48 201
49 83
49 197
49 138
49 246
49 98
49 227
50 117
50 92
50 140
50 76
51 223
51 233
51 99
51 102
51 242
51 239
51 83
51 250
52 233
52 215
52 168
53 122
53 60
53 67
53 253
53 251
53 88
53 96
53 108
54 98
54 150
54 100
55 211
55 169
55 228
55 86
55 247
55 135
55 114
55 141
55 199
56 110
56 61
56 147
56 146
56 99
56 212
56 159
56 203
56 60
57 218
57 192
57 80
57 151
58 119
58 107
58 104
58 83
58 229
59 114
59 71
59 160
59 171
59 97
59 153
59 229
59 120
60 143
60 200
61 87
61 207
61 116
61 77
61 133
61 85
61 255
61 232
61 231
61 89
62 201
62 69
62 211
62 78
62 149
62 175
63 237
63 186
63 139
64 201
64 210
64 252
64 90
64 219
64 75
65 73
65 120
65 134
65 212
65 216
66 108
66 223
66 225
66 170
66 76
66 71
67 170
67 241
67 191
68 143
68 217
68 234
68 89
69 134
69 159
69 225
69 137
69 81
69 197
69 91
70 79
70 149
70 215
70 245
70 154
71 95
71 136
71 126
71 184
71 198
71 185
72 175
72 94
72 252
72 101
72 114
72 134
72 96
72 147
73 198
73 190
74 116
74 212
74 211
74 236
74 124
74 83
74 147
75 245
75 209
75 235
75 109
75 141
75 236
75 150
76 226
76 145
77 232
77 113
77 121
77 183
77 221
77 186
77 146
77 160
77 87
77 152
78 202
78 188
78 214
78 111
78 196
79 133
79 195
79 113
79 236
80 131
80 228
80 120
80 93
80 95
80 128
80 92
81 108
81 95
81 238
81 151
81 92
81 225
81 181
81 100
81 115
81 160
81 165
82 183
82 144
82 98
82 248
82 230
82 128
82 110
83 147
83 182
83 98
83 143
83 123
83 252
83 218
83 104
84 137
84 200
84 216
84 107
84 117
84 254
84 222
85 183
85 93
85 101
85 104
86 118
86 141
86 143
86 191
87 211
87 144
87 119
87 94
87 145
87 187
87 165
88 159
88 128
88 101
88 122
89 188
89 133
89 253
89 193
90 130
90 123
90 230
91 151
91 128
91 101
91 122
91 161
92 107
92 136
92 141
92 227
92 251
92 212
93 109
93 252
93 181
94 246
94 229
94 116
94 114
94 134
94 122
94 130
95 160
95 228
95 135
95 192
95 174
95 224
95 252
96 128
96 200
96 241
96 170
96 179
96 112
97 161
97 142
97 197
97 101
97 134
98 126
98 127
98 238
98 177
98 202
99 215
99 160
99 115
99 171
99 124
99 209
99 155
99 145
99 123
99 100
100 172
100 138
100 166
100 200
101 223
101 198
101 228
101 141
101 226
101 161
102 218
102 239
102 224
102 124
102 179
102 226
103 252
103 250
103 255
103 211
104 142
104 236
104 128
104 148
104 112
105 123
105 240
105 145
106 144
106 158
106 212
107 253
108 111
108 201
108 244
108 120
108 112
108 198
109 211
109 161
110 233
110 242
110 148
110 232
110 203
110 142
110 162
111 147
112 159
112 122
112 133
112 232
112 200
112 162
112 196
112 236
112 184
112 244
113 229
113 164
113 195
114 240
114 193
114 140
114 232
114 171
115 128
115 249
115 136
115 116
115 240
115 170
115 217
116 156
116 177
116 201
116 152
117 153
117 209
117 173
117 161
117 133
117 120
118 253
118 138
118 165
118 239
118 219
118 171
118 227
118 127
118 149
118 244
119 184
119 129
119 128
119 179
119 146
120 163
120 164
120 179
120 165
120 195
121 253
121 143
121 192
121 163
121 164
121 254
122 214
122 182
122 248
122 143
122 209
122 235
123 145
123 156
123 165
124 228
124 180
125 170
125 135
125 190
125 163
125 247
125 235
126 129
126 250
126 176
126 148
126 158
127 210
127 152
127 249
127 157
127 133
128 193
128 164
129 210
129 154
130 194
130 187
130 232
131 170
131 248
131 143
131 179
131 251
132 215
132 242
132 143
132 241
132 233
133 252
133 153
133 241
133 250
133 198
134 213
134 223
134 195
134 201
134 191
134 185
135 171
135 253
135 247
135 150
135 179
135 168
135 149
136 198
136 242
136 147
136 199
136 171
136 240
136 201
137 210
137 205
137 141
138 250
138 220
138 173
138 218
138 139
139 250
139 168
139 184
139 163
139 145
139 182
140 236
140 247
140 177
140 193
141 187
142 148
142 168
143 146
143 148
144 157
144 246
144 164
145 175
145 165
145 225
146 166
147 158
147 215
147 202
147 186
148 235
148 249
148 162
148 227
149 226
149 183
151 206
151 180
151 159
152 229
152 191
152 184
153 185
154 245
154 192
154 182
154 183
154 169
154 216
155 251
155 201
155 187
156 254
157 226
158 178
158 248
158 197
158 243
158 175
159 176
159 239
159 219
159 220
160 252
160 188
161 176
161 235
162 251
162 238
163 222
163 179
163 183
163 195
163 208
163 216
164 175
164 171
164 219
164 248
164 167
164 178
165 215
166 201
166 245
167 184
168 196
168 206
169 239
169 197
170 234
171 199
171 240
171 184
171 180
172 191
172 175
172 174
173 221
174 238
174 194
174 248
174 234
174 207
176 230
176 184
176 194
176 232
176 254
177 243
177 234
177 178
178 194
178 203
178 230
179 240
179 226
180 206
180 235
181 251
181 242
181 227
182 209
183 207
184 255
184 208
185 207
185 198
186 239
186 201
187 188
187 223
188 246
189 194
189 243
190 255
191 244
191 201
191 217
191 226
192 245
192 241
193 244
193 198
193 211
194 243
194 196
194 222
194 214
194 226
194 255
195 206
195 198
196 237
200 205
200 232
201 238
202 249
203 234
204 224
204 226
205 206
206 249
206 221
206 222
206 212
207 249
207 213
207 236
211 213
211 230
212 214
212 222
212 219
213 249
213 245
215 235
216 249
217 231
218 248
219 234
219 223
222 245
222 227
224 245
225 232
228 240
229 243
230 231
231 245
232 240
233 244
234 244
234 248
237 246
238 247
244 248
248 249
