0 143
0 97
0 7
0 132
0 250
0 58
0 74
1 190
1 164
1 248
1 128
1 46
1 179
1 76
2 197
2 224
2 168
3 248
3 28
3 193
3 122
3 53
3 84
3 31
3 180
4 195
4 194
4 211
4 34
4 111
4 244
4 249
4 232
4 6
4 209
4 245
5 102
5 146
5 45
5 11
5 203
5 122
5 186
6 150
6 126
6 217
6 246
6 185
6 240
6 55
6 114
7 137
7 102
7 127
7 74
7 130
7 65
7 215
8 236
8 243
8 131
8 117
8 69
9 74
9 27
9 11
9 108
9 198
9 19
9 223
9 222
10 86
10 161
10 126
10 229
10 193
10 41
10 103
11 102
11 32
11 125
11 13
11 87
11 61
11 72
12 207
12 178
12 75
12 196
13 116
13 248
13 99
13 93
13 214
13 154
13 145
13 34
14 154
14 217
14 241
15 177
15 137
15 59
15 246
15 189
15 131
15 133
16 77
16 29
16 98
16 145
16 187
16 160
16 130
16 125
17 110
17 184
17 154
17 77
17 75
17 27
17 37
18 233
18 41
18 247
18 124
18 104
18 49
18 186
19 102
19 128
19 109
19 184
19 169
19 195
20 104
20 86
20 31
21 213
21 146
21 81
21 45
21 112
21 226
21 89
21 123
21 54
21 71
21 149
21 211
21 234
21 175
22 98
22 232
22 97
22 209
22 202
23 115
23 127
23 126
23 217
23 178
23 63
23 168
23 162
24 161
24 231
24 176
24 31
24 177
25 66
25 130
25 140
25 178
26 190
26 226
26 141
26 137
26 254
26 55
26 86
27 118
27 63
27 131
27 203
27 100
27 190
27 156
28 167
28 145
28 37
28 252
28 33
28 105
28 242
29 152
29 93
29 211
29 163
30 214
30 144
30 235
30 170
30 188
30 44
30 110
30 167
30 166
30 231
31 47
31 208
32 233
32 246
32 194
32 103
33 34
33 83
33 60
33 56
33 101
33 93
33 81
33 197
33 198
33 41
34 175
34 149
34 235
34 66
34 227
34 226
35 170
35 211
35 210
35 149
35 177
35 229
35 162
36 99
36 157
36 130
36 93
37 229
37 185
37 238
37 84
37 143
37 67
37 119
37 138
37 110
38 252
38 146
38 249
38 166
38 119
38 254
38 160
38 87
39 218
39 173
39 107
39 71
39 83
39 77
40 251
40 81
40 87
40 42
41 241
41 88
41 111
41 198
41 119
41 67
41 144
41 44
41 77
42 48
42 60
42 54
42 247
42 175
42 148
42 174
42 85
43 47
43 190
43 54
43 119
43 227
43 239
43 132
43 157
44 183
44 72
44 134
44 194
44 210
44 250
44 119
45 147
45 104
45 239
45 121
45 76
46 182
46 108
46 128
46 132
46 76
46 63
46 72
46 242
46 74
46 153
47 148
47 64
47 144
47 95
47 172
47 154
47 108
48 73
48 67
48 65
48 102
49 216
49 113
50 176
50 52
50 85
50 92
50 109
51 134
51 153
51 132
51 156
51 130
51 71
51 52
52 114
52 100
52 110
52 153
52 174
53 236
53 68
53 223
53 149
53 203
53 252
54 228
54 104
54 152
54 178
54 133
54 193
54 211
54 86
54 83
55 204
55 94
55 227
55 251
55 78
56 217
56 229
56 138
56 122
56 177
56 167
57 63
57 148
57 103
57 80
57 238
57 145
58 117
58 65
58 218
58 165
58 107
58 197
58 179
58 112
58 99
58 63
58 137
58 103
58 194
58 156
58 251
59 121
59 104
59 107
59 137
59 235
59 234
59 218
59 127
59 80
59 165
59 130
60 94
60 225
60 201
60 118
60 254
60 183
60 205
60 128
60 131
60 141
60 245
60 134
61 166
61 203
61 193
61 134
61 80
61 202
62 143
62 78
62 155
62 164
62 119
62 213
62 152
62 148
63 66
63 232
63 162
64 111
64 81
64 204
64 108
64 160
65 183
65 132
65 81
65 236
65 69
65 199
65 83
65 250
65 204
65 80
66 96
66 147
66 236
66 237
66 98
66 76
66 195
66 188
67 71
67 161
67 82
67 144
68 147
68 218
68 100
68 237
68 153
68 124
68 186
68 159
68 133
68 95
69 245
69 145
69 192
70 94
70 118
70 78
70 254
70 75
70 137
71 159
71 234
71 79
71 210
71 118
72 198
72 176
72 94
72 189
72 75
72 145
72 255
72 73
72 152
72 78
72 177
72 174
73 226
73 201
73 144
73 106
73 254
73 168
74 245
74 167
74 85
74 171
75 83
75 189
75 157
75 218
75 191
76 188
76 138
76 115
76 173
76 248
76 126
77 226
77 163
77 222
77 92
78 136
78 241
78 232
79 242
79 109
80 86
80 176
80 170
81 139
81 115
81 223
81 174
81 236
81 124
82 100
82 89
82 118
82 97
83 195
83 136
83 120
83 191
83 217
83 227
83 142
83 176
84 91
84 119
84 85
84 170
84 255
84 101
85 153
85 254
85 209
86 193
86 239
86 187
86 247
86 254
86 162
87 92
87 176
87 142
87 140
87 111
87 132
88 226
88 113
88 161
89 153
89 186
89 163
89 204
90 122
91 96
92 219
92 216
92 181
92 205
93 145
93 161
93 119
93 212
93 102
93 173
94 162
94 231
94 161
94 121
94 203
95 127
95 149
96 139
96 169
96 215
96 175
97 154
97 226
97 102
97 176
98 202
98 203
98 242
98 214
98 179
99 213
99 197
99 223
99 219
99 233
99 172
99 127
99 254
99 112
100 248
100 105
100 112
101 230
101 132
101 199
101 254
102 149
102 207
102 175
102 181
102 209
102 140
103 236
103 207
103 134
103 242
103 202
103 106
104 139
104 227
104 138
105 148
105 231
105 212
105 107
105 181
105 252
106 125
106 217
106 145
106 226
107 152
107 208
108 201
108 215
108 255
108 241
108 203
109 153
109 169
109 238
109 149
109 193
109 216
109 163
109 229
109 130
109 121
110 210
110 167
110 139
110 181
110 120
110 228
110 124
111 226
111 211
111 203
112 163
112 177
112 123
112 229
112 208
113 198
114 208
114 213
114 150
114 162
114 226
114 218
114 206
115 126
115 204
115 164
115 149
115 186
115 189
115 216
116 119
116 244
116 155
116 174
116 168
116 133
116 144
117 118
117 133
117 246
118 248
118 224
118 195
118 147
118 255
119 245
119 215
119 131
119 218
120 212
120 170
121 168
121 125
121 138
122 199
122 172
122 134
122 248
122 150
123 192
123 153
123 134
123 204
123 177
123 229
124 168
124 192
124 227
124 208
125 225
125 240
125 245
126 170
126 247
126 192
127 230
127 150
127 232
127 181
127 160
128 192
128 152
128 138
128 198
128 136
129 182
129 183
129 138
130 184
130 208
130 220
130 156
130 219
131 237
131 212
131 157
131 144
131 170
132 163
132 166
132 165
132 199
132 178
132 185
132 182
132 211
132 213
133 247
133 147
133 184
134 219
134 245
134 225
134 166
134 205
135 244
135 255
135 191
136 205
137 252
137 208
137 224
137 196
137 211
138 153
138 245
139 238
139 221
139 167
139 204
139 199
139 183
139 227
139 245
139 250
139 162
140 192
140 253
140 183
142 163
142 248
142 188
142 173
142 170
143 200
143 224
143 146
143 164
143 182
144 219
144 166
145 248
145 178
145 194
146 237
146 151
146 177
147 216
147 202
147 252
147 235
147 187
147 163
147 174
147 168
148 187
148 196
148 201
148 245
148 153
149 223
149 227
149 168
149 231
150 228
151 203
151 170
152 194
152 169
152 230
152 249
153 233
153 228
153 237
154 201
155 172
155 248
155 199
155 204
155 229
156 254
156 181
156 173
157 245
158 240
158 164
158 214
158 227
158 225
159 210
160 227
160 220
160 165
161 201
161 205
161 166
162 244
162 226
162 202
162 201
162 232
163 165
163 243
164 213
164 227
165 237
165 249
166 243
166 174
166 240
167 204
167 216
167 223
168 179
168 211
168 244
168 218
169 235
169 171
169 242
170 205
170 181
170 253
171 182
171 217
172 196
173 185
174 183
174 240
176 237
176 227
176 204
176 255
176 218
176 185
177 236
177 252
177 196
178 221
178 245
178 182
178 207
179 245
179 237
179 182
179 255
179 189
179 221
180 194
180 246
181 214
181 224
181 205
182 248
184 195
184 221
184 216
184 209
184 225
184 193
184 198
185 226
186 225
186 219
187 192
187 203
189 214
189 191
190 203
190 231
190 247
192 193
192 208
192 220
192 199
192 218
193 250
193 208
193 221
193 224
194 248
194 211
196 214
196 223
196 234
197 208
198 211
199 201
199 239
200 232
200 253
201 237
201 238
201 254
201 219
202 245
202 227
202 248
203 228
204 215
204 244
204 243
205 242
205 231
207 214
208 211
209 227
209 243
211 250
211 216
212 244
212 229
213 244
213 251
216 241
216 250
216 220
216 222
216 254
216 240
216 253
218 226
219 235
219 243
220 223
221 229
221 254
223 246
224 241
224 255
225 244
226 245
227 232
227 235
228 250
230 236
232 237
233 241
234 251
235 245
238 243
238 248
239 244
241 251
242 250
246 251
246 252
251 253
253 254
