0 20
0 11
0 159
0 251
0 23
0 73
0 237
0 8
0 154
0 181
0 132
1 179
1 228
1 143
2 157
2 26
2 99
2 251
2 43
2 142
2 215
2 19
2 206
2 128
3 120
3 77
3 64
3 159
3 14
3 195
4 216
4 174
4 236
4 125
4 149
4 135
4 134
4 230
5 66
5 113
5 148
5 168
5 34
5 173
5 179
5 80
5 40
5 10
5 174
5 125
5 47
5 20
5 182
5 49
5 241
6 204
6 51
6 100
6 47
6 195
6 213
6 118
6 86
6 163
6 129
6 207
6 197
7 162
7 131
7 212
7 45
7 176
7 168
7 69
7 205
7 89
7 141
7 62
7 239
8 109
8 52
8 239
8 192
8 234
8 23
8 228
8 14
9 26
9 243
9 103
9 155
9 22
9 250
9 225
9 198
9 31
10 75
10 114
10 90
10 84
10 23
10 44
11 150
11 52
11 136
12 170
12 142
12 173
12 216
12 30
12 232
12 213
13 46
13 108
13 196
13 129
13 143
13 98
13 156
13 20
13 61
14 143
14 253
14 79
14 133
14 71
14 199
15 107
15 79
15 116
15 95
15 161
15 151
15 186
15 78
15 19
15 43
15 187
15 185
16 218
16 98
16 185
16 191
16 102
16 45
16 135
16 179
17 31
17 244
17 196
17 21
17 240
17 50
17 152
17 121
17 181
18 162
18 156
18 195
18 61
18 216
19 222
19 228
19 157
19 83
19 233
20 93
20 155
20 40
20 229
21 112
21 70
21 40
21 102
21 234
21 87
21 251
21 74
22 54
22 126
22 234
22 141
22 189
22 200
22 231
22 121
22 84
22 239
22 113
22 107
22 50
23 30
23 77
23 110
23 242
23 83
23 108
23 172
23 99
23 121
24 125
24 198
24 197
25 135
25 72
25 252
25 91
25 221
25 106
25 245
25 133
25 129
26 245
26 202
26 114
26 149
26 166
26 86
26 169
27 206
27 232
27 175
27 239
27 237
27 152
27 34
27 99
28 104
28 169
28 138
29 149
29 84
29 202
29 31
29 60
30 33
30 89
30 100
30 72
31 190
31 82
31 198
31 117
32 204
32 231
32 121
32 119
32 153
32 111
33 215
33 52
33 155
33 75
33 197
33 122
34 92
34 218
34 233
34 175
34 193
34 247
34 62
35 112
35 87
35 242
35 78
35 141
35 136
35 52
35 190
35 179
36 228
36 158
36 141
36 61
36 136
36 234
36 58
37 163
37 219
37 196
37 166
37 168
38 46
38 187
38 202
38 124
38 48
38 213
38 85
38 112
39 67
39 153
39 239
39 47
39 228
39 63
39 152
39 219
40 182
40 79
40 163
40 194
41 179
41 64
41 105
41 252
41 100
41 147
41 136
41 78
41 50
42 120
42 225
42 107
42 231
42 224
42 227
42 75
42 113
42 198
42 213
42 84
42 167
43 179
43 44
43 168
43 241
43 181
44 206
44 175
44 73
44 88
44 68
44 177
44 183
44 129
45 112
45 189
45 192
46 88
46 204
46 187
46 213
46 205
47 129
47 169
47 85
47 106
47 54
47 178
47 126
47 111
47 179
48 211
48 157
49 187
49 96
49 89
49 189
49 225
49 128
50 227
50 242
50 212
50 116
50 237
51 156
51 229
51 211
51 74
51 252
51 137
51 85
51 164
51 53
52 131
52 149
52 174
52 121
53 239
53 158
53 78
53 124
53 199
53 56
53 66
53 128
53 141
53 152
54 215
54 245
54 231
54 106
54 103
55 63
55 108
55 229
55 141
55 161
55 231
56 244
56 204
56 149
56 231
56 166
57 81
57 110
57 157
57 114
57 214
57 150
57 192
57 196
57 83
57 98
57 127
58 153
58 166
59 124
59 149
59 213
59 239
59 60
60 204
60 207
60 236
60 85
61 163
61 219
61 241
61 93
61 116
61 206
62 222
62 80
62 123
62 103
62 224
63 95
63 148
63 84
64 132
64 241
64 115
64 96
64 228
64 87
64 251
65 160
65 186
65 195
65 70
66 67
66 187
66 174
66 253
66 83
67 199
67 161
67 182
67 142
68 156
68 234
68 151
68 117
68 114
68 87
68 241
68 97
68 113
68 150
69 72
69 140
69 166
69 197
69 106
69 168
69 110
69 77
69 94
70 141
70 98
70 208
70 177
71 85
71 142
71 251
71 216
71 111
71 201
71 206
71 192
71 180
71 133
71 254
71 166
72 90
72 152
72 107
72 225
72 148
72 78
73 248
73 122
73 117
73 223
73 115
73 139
74 229
74 129
74 110
74 210
75 105
75 153
75 249
75 174
75 198
75 110
76 105
76 125
76 86
77 81
77 196
77 151
77 135
77 103
77 233
78 205
78 248
78 132
78 203
79 255
79 166
79 230
79 244
79 155
79 204
80 234
80 100
80 184
81 83
81 148
81 252
81 242
81 178
81 152
82 235
82 122
82 100
82 199
82 97
82 247
82 123
83 223
83 123
83 152
83 206
83 211
84 182
84 251
84 172
85 105
85 220
85 116
85 176
85 151
85 248
85 171
85 241
85 201
86 146
86 122
86 178
86 124
87 226
87 185
87 203
87 152
87 219
87 218
87 102
88 98
88 218
88 101
88 140
88 220
89 238
89 149
89 176
89 204
89 106
89 221
89 121
90 144
90 230
90 193
90 133
91 195
91 254
92 143
92 152
92 163
92 104
93 233
93 198
93 109
93 219
94 214
94 127
94 252
94 140
94 220
94 106
94 203
94 183
95 191
95 106
95 146
95 134
95 161
96 122
96 224
96 155
96 248
96 229
96 135
96 97
96 222
96 232
97 125
98 124
98 141
98 209
98 211
99 138
99 209
100 121
100 192
100 140
100 204
100 147
101 132
101 238
101 189
101 243
101 230
101 145
101 130
101 114
101 223
101 255
101 129
101 142
101 180
102 136
102 231
102 235
103 138
103 170
103 166
103 206
103 247
103 186
104 197
104 195
104 146
104 247
104 185
104 170
104 140
104 122
105 159
105 215
105 150
105 122
106 223
106 194
106 164
106 207
106 155
106 224
107 176
107 243
107 221
107 226
107 143
107 223
107 204
108 161
108 169
108 164
109 169
109 181
109 192
109 193
109 251
109 210
109 167
110 223
110 173
110 233
110 113
111 255
111 113
111 123
111 210
112 134
112 173
112 216
112 152
112 245
113 124
113 211
113 224
114 178
114 176
115 193
115 212
115 154
115 203
116 162
116 123
116 205
117 139
117 238
117 243
117 250
118 230
119 161
119 149
119 206
119 228
120 221
120 202
120 154
121 163
121 144
121 176
121 197
121 173
121 149
121 201
122 162
122 220
122 225
122 158
122 198
122 160
122 215
123 159
123 180
123 213
123 132
123 227
123 219
124 246
125 180
125 217
125 231
125 250
125 223
126 247
126 137
126 212
126 250
126 194
127 169
127 240
127 244
127 158
127 252
128 227
128 215
128 157
128 251
128 162
128 178
129 215
129 146
129 159
129 147
129 185
129 239
129 150
129 195
130 230
130 193
130 243
130 132
131 202
132 171
132 138
132 163
132 248
132 133
132 139
132 179
132 226
133 177
133 219
133 253
133 211
133 160
133 138
133 153
133 139
134 153
134 140
134 247
134 214
135 147
135 150
135 149
135 143
136 215
136 144
137 138
137 154
137 157
137 252
138 181
138 197
139 206
139 246
139 197
140 176
140 143
140 188
140 231
141 159
141 233
141 250
141 183
141 255
141 226
142 189
143 207
143 149
143 165
143 148
143 153
144 209
144 165
144 175
145 176
146 191
146 206
146 235
147 148
147 255
147 189
147 217
147 160
148 185
148 244
149 181
149 168
149 247
149 228
149 161
149 238
150 245
151 226
151 157
151 206
152 229
152 252
152 212
153 158
153 195
154 250
154 169
155 196
155 233
156 216
156 195
156 201
157 221
157 244
157 184
157 206
158 209
158 247
158 238
158 178
158 249
158 196
158 255
159 229
159 166
159 184
160 195
160 167
160 243
163 248
163 181
163 233
163 206
164 221
164 205
164 242
164 238
164 206
165 230
165 254
166 172
166 234
166 169
167 229
168 210
168 220
168 216
168 175
169 230
169 231
169 195
170 180
170 251
171 255
171 254
172 254
172 209
172 178
172 179
173 186
174 228
174 221
175 193
176 193
177 208
178 243
178 232
178 236
179 232
181 200
181 226
181 254
181 185
181 228
181 255
182 193
182 197
182 185
183 231
183 243
184 224
184 203
184 228
185 227
185 252
186 249
186 199
187 199
188 246
188 242
189 205
190 216
190 199
190 254
192 193
192 232
192 217
193 246
194 253
194 230
195 237
196 249
196 213
197 238
197 206
197 223
197 215
198 199
200 207
201 211
202 222
203 212
204 221
205 225
206 215
206 253
207 235
208 245
208 231
208 226
209 252
209 213
209 239
211 228
211 241
212 230
214 228
214 247
214 227
215 228
217 238
218 228
219 248
219 245
219 244
223 238
224 246
225 241
225 245
226 241
228 243
228 238
229 247
229 232
229 242
229 245
231 241
232 236
232 241
233 236
234 241
236 241
237 243
240 255
241 244
241 247
246 249
248 254
