0 168
0 210
0 233
0 179
1 43
1 205
1 46
1 152
1 219
1 211
1 101
1 39
1 119
2 254
2 96
2 20
2 134
2 21
2 148
2 38
2 52
2 198
2 86
3 47
3 18
3 64
3 149
3 117
3 224
4 153
4 90
4 251
4 255
4 31
4 7
4 188
4 212
4 185
5 21
5 50
5 115
5 12
5 28
5 137
5 64
5 217
5 231
5 162
5 187
5 20
5 26
6 154
6 167
6 130
6 139
6 165
6 211
6 196
6 87
6 89
7 165
7 155
7 10
7 195
7 77
7 183
7 99
7 57
7 80
7 186
8 96
8 85
8 22
8 68
8 245
8 125
8 55
8 185
9 17
9 233
9 172
9 31
9 141
9 137
9 94
9 63
10 178
10 45
10 188
10 137
10 72
10 42
10 218
10 246
10 95
10 160
10 186
10 22
10 235
11 234
11 128
11 246
11 211
11 43
11 181
12 21
12 24
12 153
12 202
12 117
12 139
12 144
13 45
13 86
13 50
13 255
13 217
13 170
13 39
13 215
13 190
13 76
13 35
13 210
14 180
14 174
14 95
14 153
14 168
14 230
15 71
15 57
15 39
15 111
15 177
15 147
15 146
15 77
16 97
16 149
16 124
16 211
16 39
17 195
17 142
17 110
17 41
17 207
17 34
18 190
18 150
18 183
19 221
19 148
19 147
19 94
19 218
20 153
20 94
20 55
20 74
20 62
20 122
20 48
20 165
20 243
20 229
21 39
21 92
21 45
21 245
21 69
22 226
22 202
22 130
22 215
22 225
23 161
23 94
24 72
24 71
24 137
24 226
24 44
24 25
24 206
25 190
25 143
25 77
25 164
25 95
25 125
25 210
25 253
25 228
26 123
26 43
26 64
26 150
26 76
26 115
26 122
26 181
26 207
26 160
26 28
27 31
27 183
27 172
27 105
27 241
28 45
28 102
28 144
28 148
28 103
28 32
28 63
28 175
28 127
28 64
29 146
29 149
29 195
29 71
29 111
29 215
29 249
30 183
30 235
30 182
30 169
30 98
30 178
30 189
30 72
30 103
31 199
31 156
31 245
31 126
31 117
31 97
31 181
31 183
32 38
32 79
32 77
32 220
32 56
32 149
32 103
33 202
33 179
33 210
33 160
33 181
33 163
33 212
33 219
34 144
34 171
34 72
34 146
34 247
35 50
35 229
35 213
35 206
35 225
35 73
35 115
35 166
35 181
35 121
35 103
36 148
36 224
36 229
36 56
36 249
36 241
36 196
37 111
37 109
37 83
37 210
37 108
38 164
38 65
38 198
38 80
38 228
38 52
38 148
39 228
39 90
39 216
39 239
39 182
40 194
40 46
40 197
40 187
40 121
40 147
40 93
40 60
40 126
41 116
41 136
41 66
41 254
41 61
41 103
41 102
41 52
41 139
41 73
41 142
42 242
42 102
42 250
42 148
42 92
43 156
43 241
43 90
43 174
43 92
43 123
43 212
43 244
43 83
44 57
44 242
44 49
44 253
44 150
44 247
45 231
45 253
45 160
45 225
45 210
45 241
45 148
46 179
46 62
46 120
46 196
46 48
46 82
46 65
47 94
47 89
47 95
47 76
47 221
48 89
48 105
48 133
48 124
48 96
48 116
48 169
48 69
48 203
49 83
49 191
49 118
50 116
50 255
50 145
50 76
50 94
51 108
51 188
51 103
51 213
51 219
51 60
51 241
51 167
52 217
52 206
52 127
52 90
52 159
52 161
52 136
53 155
53 229
54 109
54 234
54 177
54 60
54 129
54 130
55 213
55 138
55 62
55 116
55 85
55 214
55 180
55 243
56 219
56 246
56 250
56 189
56 147
56 149
57 90
57 114
57 104
57 147
57 99
57 239
57 98
57 165
57 186
58 121
58 197
58 112
58 199
58 80
58 160
59 142
59 110
59 123
59 100
59 99
60 129
60 108
60 112
60 67
60 253
60 61
61 254
61 114
62 141
62 144
62 188
62 116
63 98
63 216
63 200
63 170
63 243
63 236
64 100
64 168
64 224
64 130
64 131
64 188
65 161
65 166
65 243
65 81
65 237
65 212
66 119
66 246
66 99
66 84
66 222
66 228
66 176
66 79
66 134
66 120
67 127
67 91
67 172
67 207
67 199
68 139
68 103
68 162
68 246
68 209
68 160
68 227
68 154
69 92
69 87
69 230
69 225
69 233
69 155
69 219
70 85
70 172
70 136
70 187
70 84
71 149
71 118
71 98
71 120
71 156
71 128
71 202
71 219
72 187
72 180
72 234
72 207
72 250
73 96
73 236
73 187
73 207
73 110
73 188
73 211
73 255
73 125
74 205
74 209
74 198
74 167
74 186
74 226
74 221
75 124
75 187
75 157
75 174
75 159
75 123
75 184
76 145
76 131
76 122
77 192
77 128
77 127
77 232
77 215
77 193
78 236
78 238
78 91
78 128
78 126
78 109
79 188
79 229
79 112
79 91
79 210
80 106
80 117
80 159
80 203
80 142
80 244
80 205
81 159
81 84
82 176
82 240
82 104
82 130
83 229
83 93
83 145
83 169
83 109
83 185
84 131
84 207
84 122
84 242
84 161
85 160
85 96
86 209
86 203
86 156
86 207
86 105
86 253
87 164
87 215
87 241
87 92
87 181
87 127
88 171
88 139
88 134
88 184
88 106
88 116
88 169
88 188
89 153
89 143
89 238
89 105
89 107
89 242
89 246
90 98
90 183
90 164
90 151
90 180
90 218
90 115
90 129
91 176
91 229
91 158
92 125
92 184
92 231
92 244
92 161
92 245
92 102
93 147
94 246
94 171
94 199
94 197
94 220
95 166
95 157
96 230
96 223
96 145
96 159
97 195
97 166
97 171
97 190
97 167
97 152
97 128
97 127
97 112
97 220
98 217
98 168
98 242
98 195
98 244
99 130
99 134
99 238
99 147
100 176
100 101
100 250
100 216
100 199
100 183
100 118
101 129
101 227
101 141
101 118
101 185
101 144
101 139
101 106
101 170
101 146
102 244
102 151
102 145
102 107
102 237
102 130
103 223
103 171
103 145
103 234
103 159
103 148
103 211
103 199
104 148
104 240
104 153
104 164
105 203
105 122
105 249
105 208
105 241
105 114
106 134
106 127
106 182
106 207
106 168
106 209
106 122
107 211
107 189
107 114
107 200
107 160
108 109
108 179
108 252
108 162
108 248
109 114
109 179
109 247
109 221
110 133
110 148
110 124
110 242
110 128
111 171
111 157
111 225
111 248
111 137
112 145
112 152
112 154
112 241
112 249
112 235
113 250
113 222
114 149
114 229
115 166
115 129
115 187
116 152
116 190
116 195
116 209
116 242
117 169
117 195
117 175
117 235
118 250
118 198
118 232
118 175
118 194
118 199
119 217
119 210
120 255
120 124
120 195
120 236
120 234
120 215
121 232
121 218
121 246
121 226
122 221
122 227
122 247
123 210
123 220
123 192
124 158
124 175
124 164
124 128
124 183
125 212
125 228
125 236
125 131
125 194
125 134
125 136
126 175
127 219
127 145
127 209
127 245
127 135
127 165
128 176
128 196
128 168
128 242
128 226
129 185
129 156
129 145
130 170
130 179
130 255
130 228
130 233
131 156
131 178
131 227
131 250
131 149
132 147
133 158
133 235
133 160
134 247
134 169
134 165
134 251
135 193
135 171
136 202
136 229
137 242
137 239
137 221
137 185
137 181
137 208
137 176
138 194
139 181
139 217
139 212
139 240
140 162
140 192
140 180
140 238
140 182
141 225
141 234
142 214
142 210
142 200
142 169
143 203
143 152
143 193
143 144
143 165
143 233
144 223
144 174
144 186
145 240
145 189
145 234
147 225
147 194
147 159
148 208
149 182
149 216
149 201
150 212
150 245
150 255
150 226
152 194
153 221
154 203
154 164
154 254
154 175
155 232
155 156
155 235
155 203
156 244
156 175
156 195
156 252
156 203
156 227
157 227
157 210
157 254
157 219
158 213
158 174
158 240
159 212
159 246
159 161
160 166
160 179
161 190
161 182
161 254
162 168
162 252
163 227
163 209
164 249
164 211
164 227
166 193
166 239
167 217
167 249
167 196
167 218
167 176
168 250
168 197
169 240
170 251
170 173
171 223
171 224
171 241
171 216
171 203
172 178
173 183
173 200
173 219
173 230
174 236
174 223
175 195
176 200
177 178
177 241
177 213
177 180
178 208
178 185
178 254
179 214
179 217
182 248
182 249
183 240
184 205
184 196
185 226
185 222
185 241
187 250
187 234
188 253
188 255
188 225
189 210
189 254
191 222
191 203
195 223
196 225
197 231
197 226
198 225
198 199
200 242
202 215
202 240
202 235
202 252
204 249
204 247
206 207
206 238
206 241
207 235
207 252
207 247
207 212
208 226
208 247
208 224
208 236
209 210
209 236
209 232
210 219
211 215
212 237
213 235
213 255
213 241
214 219
215 229
215 217
216 251
216 253
217 235
219 255
220 254
223 232
224 244
224 233
224 253
226 233
226 238
227 248
228 236
228 252
231 249
231 239
232 241
233 252
233 234
233 239
234 240
241 250
241 252
241 246
242 247
243 253
243 254
244 253
246 253
