4962
345737454 253373280 381940129 345288371 414638257 342084430 332739142 
805617082 590402248 889981842 804569134 966153212 797107350 775352573 
482475056 353587148 532997230 481854303 578629883 477380030 464335251 
554117318 406098759 612144859 553411451 664548658 548269422 533288581 
329680223 241609634 364203237 329250926 395385475 326198089 317290863 
623500319 456944181 688793535 622699825 747754051 616918201 600069630 
399223064 292570990 441028490 398700437 478776191 395004972 384224894 
567977618 416245756 627455889 567245334 681154904 561978632 546632694 
469619174 344165028 518798853 469009886 563195112 464659452 451979845 
501950194 367870309 554513513 501321390 601990739 496655308 483069370 
626245427 458954104 691823361 625439367 751054086 619633531 602704049 
