2082
11293378 17549170 7536090 15091082 15605710 12623170 15438452 17607174 13646634 11129230 12094862 
27074064 42063440 18064918 36173814 37406976 30254404 37009872 42204754 32710970 26681694 28987044 
19183721 29806305 12800504 25632448 26506343 21438787 26224162 29905964 23178802 18905462 20540953 
42924147 66693291 28641459 57351432 59309133 47972403 58671039 66916575 51866595 42294714 45966735 
27074064 42063440 18064918 36173814 37406976 30254404 37009872 42204754 32710970 26681694 28987044 
34964407 54320575 23329332 46715180 48307609 39070021 47795582 54503544 42243138 34457926 37433135 
45167801 70175841 30137828 60347257 62406911 50476435 61737523 70411778 54575446 44506331 48365395 
41764766 64883806 27866152 55797541 57701834 46668882 57084781 65103394 50460980 41153333 44716624 
25984080 40369536 17337324 34714809 35900568 29037648 35513361 40505814 31396644 25600869 27824442 
