713
18863670 19612257 29767997 20574855 24302138 24338860 15056020 21166922 
7771080 8079468 12263228 8476020 10011512 10026640 6202480 8719928 
21370470 22218537 33723877 23309055 27531658 27573260 17056820 23979802 
13098030 13617813 20669473 14286195 16874242 16899740 10454180 14697298 
14351430 14920953 22647413 15653295 18489002 18516940 11454580 16103738 
20305080 21110868 32042628 22147020 26159112 26198640 16206480 22784328 
12722010 13226871 20076091 13876065 16389814 16414580 10154060 14275366 
19553040 20328984 30855864 21326760 25190256 25228320 15606240 21940464 
17798280 18504588 28086748 19412820 22929592 22964240 14205680 19971448 
9024480 9382608 14241168 9843120 11626272 11643840 7202880 10126368 
13536720 14073912 21361752 14764680 17439408 17465760 10804320 15189552 
10215210 10620591 16120211 11141865 13160294 13180180 8153260 11462486 
17234250 17918175 27196675 18797625 22202950 22236500 13755500 19338550 
15980850 16615035 25218735 17430525 20588190 20619300 12755100 17932110 
