3570
64676614 54606284 67422268 92048306 105995642 127559055 151310623 
48388188 40851726 50436822 68859336 79288722 95426667 113191389 
83601818 70581525 87143998 118972220 137003132 164878713 195575851 
77546187 65470462 80835221 110360323 127078022 152934819 181409326 
48924739 41307105 51002047 69630231 80180906 96492147 114459046 
68997667 58248604 71914974 98179156 113064499 136071219 161402456 
98939394 83530556 103132022 140800028 162133514 195124320 231452176 
26635745 22489064 27767168 37910094 43649963 52532025 62313232 
72854156 61508685 75943038 103680432 119392706 143683839 170435815 
115522711 97530803 120416514 164398476 189302795 227826381 270241072 
