1010
13964018 5838744 8125274 10656642 10656642 11677488 0 
20573222 8602449 11970773 15702375 15702375 17204898 0 
20802880 8698233 12104647 15875457 15875457 17396466 0 
19177545 8018367 11159178 14632668 14632668 16036734 0 
28600455 11958552 16641903 21825603 21825603 23917104 0 
30468551 12739752 17728799 23252115 23252115 25479504 0 
19501557 8154138 11347419 14882571 14882571 16308276 0 
23047866 9637161 13410705 17590851 17590851 19274322 0 
24054421 10057788 13996633 18356829 18356829 20115576 0 
38906603 16268154 22638449 29693577 29693577 32536308 0 
